76 70
25 41 1
21 47 0
54 25 1
56 1 1
38 30 1
52 48 1
30 61 0
25 44 1
72 25 1
35 27 0
7 66 0
25 58 1
59 3 1
3 53 1
58 27 0
46 8 1
65 28 1
52 18 1
65 50 1
20 1 0
45 16 0
61 57 0
54 19 0
37 22 1
32 26 0
17 2 1
15 22 0
26 23 0
16 10 1
20 52 1
5 63 0
61 31 0
48 55 1
15 51 0
60 5 0
37 66 1
50 46 1
59 45 0
66 12 0
8 71 1
2 58 0
61 69 0
48 44 1
23 53 1
35 1 1
4 53 0
8 16 1
29 58 1
24 16 0
6 22 1
67 64 0
14 59 0
21 72 0
56 67 1
16 40 0
67 25 1
18 2 1
46 6 1
41 49 1
1 41 1
38 17 0
36 2 0
11 17 1
23 67 1
54 49 1
72 73 0
31 74 0
8 60 1
22 7 0
45 63 1
