82 73
33 46 1
21 16 1
3 17 1
11 35 0
29 21 1
32 33 0
5 49 0
76 44 1
51 75 1
41 66 0
26 59 0
35 40 0
76 61 1
3 74 1
4 22 0
61 10 1
73 3 0
44 10 0
18 31 1
61 57 1
9 70 1
15 33 1
25 39 0
62 34 0
57 28 0
61 12 1
38 33 1
9 23 1
0 23 0
10 62 1
38 26 1
55 56 0
38 42 1
77 56 1
9 59 0
37 25 0
20 74 1
32 0 0
15 41 1
71 61 0
56 52 1
67 18 1
16 17 1
56 71 0
65 13 0
74 49 0
79 27 1
76 19 1
50 74 1
38 2 1
30 1 0
14 76 0
69 30 1
35 44 0
49 56 1
75 12 1
17 18 0
10 38 0
1 8 0
67 33 1
6 41 0
2 64 1
25 50 1
1 62 0
2 9 0
0 34 0
58 9 0
33 8 0
2 60 0
39 71 1
53 71 0
8 45 0
59 58 0
