83 86
55 1 1
23 62 1
49 41 1
50 17 1
34 64 0
82 47 1
4 61 0
21 17 0
36 6 0
72 27 0
3 30 1
19 56 1
47 38 1
26 78 0
25 69 1
45 67 0
69 43 1
76 11 1
54 17 0
24 21 0
71 38 0
6 1 0
0 2 0
14 77 1
49 30 0
9 7 0
13 79 0
37 25 0
45 64 0
72 30 1
2 11 1
65 78 1
19 53 1
13 73 1
74 34 0
81 65 0
66 44 1
28 79 0
3 40 0
16 20 1
36 48 1
56 63 0
3 36 1
3 20 0
75 54 1
29 72 0
40 68 1
18 25 0
32 78 1
67 70 1
15 44 1
41 36 1
22 12 0
1 50 0
18 61 1
54 72 1
35 77 1
32 63 0
62 0 1
71 6 1
43 45 0
65 79 1
50 16 0
76 63 1
32 24 1
39 26 1
11 81 1
78 71 1
12 81 0
34 23 0
24 33 1
45 81 0
78 29 1
71 77 0
12 10 0
73 17 1
35 33 0
23 32 1
48 20 0
77 19 1
2 74 0
48 82 1
37 30 1
50 10 1
39 2 1
59 20 1
