82 66
61 77 1
51 31 1
69 28 0
44 54 1
66 70 1
17 1 1
56 74 0
40 45 0
31 19 0
54 61 0
30 15 0
54 49 0
5 20 0
54 29 0
29 58 1
75 29 0
58 19 0
42 80 1
79 27 1
67 28 0
78 17 0
69 57 1
35 41 0
35 61 1
35 50 0
59 57 1
48 66 1
43 52 0
52 42 1
80 36 0
8 75 1
12 10 0
50 70 0
44 14 0
18 35 0
70 80 1
63 65 1
13 5 1
47 29 1
20 37 1
64 32 1
37 24 0
36 23 0
5 50 0
68 71 0
66 5 1
36 38 1
8 15 0
24 55 1
78 31 0
28 24 0
32 16 1
9 64 0
17 26 0
10 63 1
4 72 1
34 67 0
54 64 0
76 37 0
42 60 1
63 37 1
4 48 0
59 80 0
12 71 1
61 49 1
10 60 1
