95 68
88 12 0
27 58 0
75 19 1
5 26 0
3 22 0
63 8 0
62 11 1
44 63 0
26 28 0
93 14 1
25 1 1
16 1 0
16 76 0
51 73 0
7 66 0
82 15 1
8 47 0
13 79 1
9 36 0
69 5 1
4 51 1
45 32 0
57 73 1
31 77 1
74 42 0
16 47 1
16 85 0
69 84 1
10 62 1
69 12 1
15 61 1
57 71 0
49 90 0
55 42 0
2 63 1
62 69 0
29 45 1
23 80 1
45 52 1
54 84 0
76 78 0
7 8 0
41 24 0
93 90 1
6 30 0
63 19 0
69 38 1
53 64 0
47 68 1
42 69 1
85 26 0
71 31 0
0 93 0
69 73 1
13 89 1
65 77 0
72 59 0
44 83 1
71 77 1
90 59 0
23 83 1
39 14 0
58 82 0
28 61 1
51 8 1
68 70 0
86 19 1
65 66 1
