96 71
76 67 1
63 20 1
91 94 1
5 61 1
10 68 0
67 16 1
8 43 1
84 44 1
89 15 1
50 17 0
16 7 1
67 2 1
25 93 1
22 95 0
42 79 1
79 77 1
25 50 1
17 8 0
84 53 0
84 69 0
50 91 0
79 16 0
92 80 0
74 51 1
22 75 1
53 77 0
36 71 0
36 21 0
79 59 0
12 57 0
5 35 1
47 38 0
44 5 1
49 72 1
93 89 0
13 3 1
61 69 1
36 1 0
76 25 1
20 49 1
71 52 0
84 50 0
64 30 1
47 67 0
26 9 0
76 35 1
25 91 1
24 64 1
40 53 1
68 19 1
15 6 0
56 74 1
56 3 1
14 41 1
88 75 1
36 65 0
32 49 1
2 11 0
14 24 0
28 14 0
25 22 1
49 18 1
86 72 1
9 37 0
84 25 0
43 70 1
36 55 0
60 10 1
81 51 0
86 77 0
34 41 1
