85 70
81 65 1
18 3 0
55 79 0
3 80 0
0 1 1
67 30 0
14 6 1
69 53 0
9 33 1
52 42 1
59 54 1
65 66 1
84 23 1
30 24 1
1 31 1
19 81 1
12 70 0
18 64 0
9 10 0
82 10 1
51 23 1
72 71 1
65 9 1
37 77 1
80 74 1
47 81 0
56 8 1
47 38 1
7 33 0
48 31 1
14 79 0
59 81 1
21 19 1
3 60 1
4 68 1
65 80 1
59 53 1
78 36 0
55 15 0
14 18 0
27 51 1
80 35 1
56 13 0
13 77 1
79 16 0
48 18 0
60 39 1
64 41 0
80 29 0
25 60 0
82 7 1
61 42 0
22 36 0
19 10 1
80 19 1
17 60 1
62 41 0
46 28 1
38 64 0
82 81 1
62 20 1
3 2 1
66 19 1
35 49 0
31 83 0
77 50 0
83 4 1
78 81 1
39 25 0
4 73 1
